New Game 
102
45
35
85
54
31
New Game 
89
206
76
249
337
860
262
1135
414
1292
399
541
630
460
365
838
556
278
412
545
689
313
322
226
337
163
674
408
460
1699
882
682
121
334
198
189
424
314
279
387
274
901
1603
912
1479
201
557
577
89
1466
594
278
New Game 
89
133
224
179
New Game 
238
New Game 
109
312
244
1485
910
563
131
857
65
67
68
127
62
502
279
109
50
66
250
187
68
66
56
73
61
75
55
53
89
184
65
191
318
103
283
54
76
185
94
461
886
517
379
1090
961
1011
1186
832
662
751
617
315
553
225
484
389
382
723
1441
693
421
835
915
818
691
484
400
997
2182
746
687
1285
500
1011
707
732
852
428
324
350
302
363
691
729
516
327
468
397
881
1401
1333
713
618
536
355
720
1368
639
675
794
424
513
629
373
743
1027
428
1018
310
473
153
440
740
1327
407
452
833
795
New Game 
New Game 
122
459
791
283
199
109
New Game 
142
60
102
334
275
222
412
93
311
117
274
97
395
276
148
125
153
112
238
241
121
76
447
187
157
194
189
197
116
121
104
197
838
194
233
209
169
315
290
403
168
166
319
193
260
509
113
189
191
224
130
268
504
609
282
165
269
284
266
242
125
431
96
323
282
270
189
196
216
188
188
197
206
509
534
166
254
198
177
222
456
267
403
258
242
269
126
222
194
585
202
187
New Game 
71
77
106
92
105
120
95
134
142
108
142
612
143
281
125
100
69
180
145
84
39
183
157
104
222
165
216
191
303
371
89
92
145
121
250
419
263
1000
130
155
106
361
192
59
248
202
151
198
261
214
218
141
286
76
135
94
145
111
178
98
227
132
388
114
147
141
226
121
173
101
92
329
280
242
158
120
113
303
201
580
166
152
105
428
184
315
170
213
508
476
169
274
222
173
431
169
174
143
469
141
222
343
314
238
250
153
183
608
189
129
206
171
506
371
298
254
235
245
145
228
329
260
234
234
273
279
345
285
389
213
286
265
238
93
213
419
157
286
319
245
544
561
507
272
309
349
569
298
261
186
258
319
262
261
210
585
161
141
555
211
205
218
242
283
581
149
457
338
198
286
210
214
278
224
226
405
226
318
270
214
423
177
674
334
597
137
1086
168
206
935
188
694
480
376
222
331
118
181
233
424
183
256
173
302
416
232
226
240
420
472
496
283
218
206
250
258
250
214
206
246
295
367
283
258
502
310
601
339
264
164
278
1037
254
561
723
436
290
348
258
351
309
215
352
230
566
396
237
373
168
456
392
437
463
299
472
153
363
205
324
283
254
346
473
144
235
283
178
304
288
260
315
268
366
358
377
420
469
189
363
603
489
277
277
141
372
359
240
106
212
225
256
533
311
218
280
190
181
933
279
368
199
229
339
263
283
182
474
187
247
165
250
497
222
499
350
327
578
407
323
222
204
188
283
252
179
396
205
279
763
266
311
589
284
424
436
310
537
594
420
231
161
335
344
198
514
417
190
293
418
340
594
521
296
516
241
244
634
194
524
412
174
618
340
162
578
540
214
837
692
461
297
280
402
258
712
244
381
401
477
457
331
182
225
168
489
287
255
299
307
425
688
413
513
207
352
533
263
541
687
282
243
626
186
530
352
259
295
566
267
623
801
364
404
327
591
501
308
420
453
275
275
239
141
262
489
716
260
578
357
593
486
340
247
1051
491
198
343
163
426
307
647
154
320
288
447
258
317
292
494
420
473
501
311
396
345
250
280
227
396
255
429
307
418
413
845
284
222
308
287
416
200
145
281
394
401
263
519
744
373
494
657
334
179
305
254
203
425
257
564
261
511
368
372
276
353
550
235
204
286
235
525
269
287
218
276
269
360
272
416
371
458
284
316
324
264
344
422
330
312
475
415
505
310
360
810
397
315
310
543
296
348
314
381
502
328
263
239
466
409
317
668
463
297
478
859
542
430
418
343
266
343
240
259
258
253
666
611
211
514
321
388
506
317
312
311
397
236
206
376
538
364
250
168
381
279
482
483
255
527
356
163
422
303
551
381
317
653
179
292
752
298
337
243
492
584
422
467
221
381
393
243
446
190
356
285
374
551
316
328
361
184
457
593
421
150
215
397
304
385
579
308
320
279
367
189
183
207
305
298
468
497
567
263
275
248
486
431
343
566
191
336
279
400
398
244
430
331
215
280
180
258
332
340
490
381
450
186
291
312
344
1088
446
592
615
413
825
458
372
291
275
329
318
526
199
372
246
195
267
316
340
514
458
262
380
439
306
186
441
455
554
555
824
817
425
306
307
225
839
321
305
386
385
234
223
448
275
401
238
245
545
349
347
653
280
259
659
294
217
188
209
152
366
178
251
276
435
671
255
517
441
249
190
380
231
606
427
417
207
166
149
231
503
298
681
441
345
271
186
707
670
430
295
675
174
465
532
421
188
230
677
377
376
231
304
505
453
450
438
717
392
405
433
489
635
342
363
347
548
246
202
325
320
376
760
386
190
487
368
285
267
425
510
222
590
1208
864
309
241
328
456
418
333
343
257
430
262
497
181
255
448
267
711
273
313
532
525
595
559
674
302
656
413
411
558
378
356
239
366
487
256
327
467
375
295
431
438
356
494
395
401
490
315
355
192
348
397
426
286
192
311
450
316
575
266
241
600
828
612
848
316
390
360
325
256
194
251
266
623
281
273
549
255
363
475
352
437
300
199
839
285
281
302
277
622
346
365
321
404
507
533
270
669
202
250
New Game 
120
New Game 
219
255
72
200
472
646
307
714
593
250
310
165
743
795
890
621
1406
1077
766
1376
322
525
694
905
884
819
327
673
784
468
972
706
577
710
928
642
908
255
1361
2441
2737
637
573
718
757
970
1404
1150
1825
723
694
618
1936
1253
553
946
909
463
New Game 
New Game 
101
New Game 
187
104
108
198
227
135
New Game 
154
New Game 
97
113
109
137
46
49
54
220
372
49
160
117
129
101
440
96
614
64
154
751
211
88
327
389
350
255
391
230
250
211
611
84
266
335
383
193
266
359
327
226
72
322
379
311
302
221
133
266
597
338
752
417
610
New Game 
461
70
111
213
270
338
295
387
231
466
173
118
164
392
294
153
565
294
319
245
New Game 
New Game 
146
117
354
295
291
104
365
215
218
300
630
237
658
509
245
205
157
173
238
238
233
109
194
185
254
270
96
759
177
242
243
390
336
484
112
204
255
129
125
282
294
355
258
209
406
462
234
218
315
331
190
601
323
223
New Game 
77
237
211
109
116
169
80
68
104
238
117
383
234
189
161
165
246
87
446
186
99
202
286
173
408
438
165
120
125
255
410
379
760
153
246
109
614
173
509
307
416
464
457
246
250
315
230
262
262
310
141
181
145
120
108
165
602
230
151
252
780
165
189
448
303
267
128
468
137
396
416
452
96
344
1224
238
149
160
271
440
283
107
289
655
173
263
104
171
233
437
89
168
356
420
682
186
229
189
1196
392
379
150
274
287
157
384
460
125
367
622
262
254
338
206
492
262
141
1150
217
275
735
294
821
327
384
569
93
193
177
476
143
193
153
New Game 
105
238
267
206
64
194
205
250
319
266
238
214
117
168
300
109
258
315
250
593
991
396
189
348
201
117
440
1075
416
112
542
190
266
218
262
302
1280
114
780
197
388
254
315
277
336
392
411
145
408
473
488
214
356
447
550
338
339
897
254
270
305
385
431
273
635
695
408
412
586
157
331
430
87
394
600
208
215
279
371
177
1115
351
137
735
230
485
566
173
436
650
384
582
614
380
169
258
197
315
388
226
610
96
400
282
177
149
209
361
646
436
287
311
657
236
246
193
760
1009
404
279
250
476
945
246
347
464
270
400
205
408
148
258
400
316
250
242
New Game 
187
234
310
New Game 
New Game 
New Game 
New Game 
181
53
New Game 
New Game 
175
New Game 
New Game 
New Game 
New Game 
303
147
90
167
309
611
437
106
1174
212
433
376
519
237
666
319
401
420
479
61
350
595
294
216
273
475
1311
917
606
392
327
335
782
232
413
1646
303
380
405
479
753
651
827
368
909
150
486
548
606
311
601
401
634
503
871
392
577
585
335
208
515
466
614
380
179
454
1604
770
507
245
704
1041
1176
270
463
1048
782
372
307
264
1218
491
466
151
331
393
180
462
339
376
286
295
1278
413
778
401
200
274
352
740
339
434
888
138
1114
1060
708
192
368
691
426
405
528
1101
454
622
823
262
639
429
581
597
376
491
New Game 
196
143
158
216
245
245
97
195
New Game 
New Game 
159
122
New Game 
166
152
New Game 
213
146
644
155
114
143
318
167
363
286
289
126
240
359
207
159
183
New Game 
New Game 
262
138
193
180
167
200
257
151
385
184
110
159
245
114
237
237
306
94
229
377
110
208
176
348
303
225
343
274
172
224
184
204
200
331
303
197
118
106
119
167
212
277
254
204
188
270
196
303
340
214
191
216
196
246
184
263
288
265
274
340
323
291
266
258
319
139
289
316
252
132
434
311
384
327
217
200
204
167
429
187
107
196
492
212
155
515
379
174
397
159
256
397
180
145
354
280
258
420
81
311
319
216
151
327
191
335
372
292
159
517
188
331
221
269
188
290
216
266
385
150
262
110
205
544
360
921
333
356
410
589
720
254
215
337
923
302
192
499
257
569
446
274
228
175
331
392
327
1027
314
225
330
565
151
433
196
417
261
274
475
184
290
991
409
213
569
493
124
371
486
348
531
413
278
285
676
319
265
New Game 
197
376
279
452
New Game 
New Game 
New Game 
116
642
226
173
1150
367
544
1016
New Game 
340
464
506
506
458
733
554
549
362
231
360
549
574
New Game 
1516
1007
1311
1270
1539
927
1594
2850
1617
1169
3519
1249
2788
867
3155
817
559
489
873
958
1827
1120
793
1116
941
864
449
1335
826
817
1289
790
873
840
932
448
743
661
994
1080
898
703
455
609
870
1247
1331
703
1181
1495
875
500
897
1276
638
1109
841
1403
819
1357
673
776
1178
582
742
1499
585
947
759
1866
2319
985
3229
3256
1583
1653
2741
2136
1813
3088
2547
2849
New Game 
69
88
80
33
37
70
47
93
47
55
51
47
84
29
76
42
88
38
29
88
70
38
42
20
58
75
23
108
75
52
107
75
42
93
194
79
46
68
56
87
51
16
126
33
138
42
84
61
60
69
121
70
117
64
56
70
103
70
56
83
26
28
157
47
102
79
61
33
56
31
75
42
61
61
75
73
56
28
47
47
112
107
75
44
33
102
28
60
42
24
37
28
51
46
52
117
37
33
56
52
59
74
85
28
60
102
37
80
55
51
111
29
43
143
37
20
56
120
29
84
96
83
88
56
94
126
56
88
56
112
80
60
60
61
93
52
37
79
64
112
47
56
37
82
31
29
94
73
23
52
61
103
33
66
65
52
56
33
28
60
56
52
68
47
34
62
88
93
60
43
40
34
32
29
56
70
83
98
102
130
33
70
56
28
56
61
112
47
28
37
82
51
70
59
61
28
73
28
65
42
20
42
47
45
94
97
78
56
65
16
48
163
33
88
84
79
61
38
84
37
37
70
56
60
68
73
27
24
75
46
102
97
37
67
85
63
22
61
94
51
37
37
85
28
51
16
65
144
28
197
97
49
64
59
28
42
70
99
52
61
88
56
56
51
94
62
47
79
70
23
70
102
29
43
73
33
61
79
74
16
71
46
47
28
59
65
162
51
38
56
30
61
93
93
70
52
98
47
65
75
61
33
108
51
87
102
78
43
51
66
75
37
42
60
57
95
103
New Game 
119
72
87
45
48
27
45
51
36
56
55
30
10
48
28
36
54
27
111
36
51
87
57
42
57
55
33
33
51
55
101
54
46
48
30
63
42
57
54
60
24
24
48
45
78
66
45
60
42
39
31
55
120
72
18
48
57
51
57
30
New Game 
44
41
18
55
74
41
39
21
39
105
42
81
39
15
15
87
36
60
44
24
27
42
45
21
60
24
36
93
39
48
42
42
75
New Game 
34
62
39
90
New Game 
58
66
36
80
51
21
30
45
57
53
93
66
54
84
77
63
27
69
42
36
42
45
33
54
78
39
39
36
42
24
41
21
26
45
42
59
57
66
13
78
21
66
30
21
50
27
24
69
69
33
30
50
New Game 
1285
New Game 
New Game 
396
New Game 
225
70
63
48
46
New Game 
178
New Game 
89
43
New Game 
342
New Game 
New Game 
New Game 
173
New Game 
137
57
189
86
108
67
194
54
79
187
New Game 
146
172
149
54
New Game 
129
149
206
126
148
166
192
132
200
251
189
202
169
156
171
178
New Game 
64
97
93
60
109
144
88
89
127
121
70
82
104
74
117
151
106
96
93
97
New Game 
60
63
85
66
113
114
80
77
New Game 
152
127
79
95
148
154
87
177
161
84
122
129
149
117
145
110
124
158
190
148
New Game 
153
121
160
192
155
175
171
177
233
185
143
150
140
142
151
143
156
197
206
143
186
133
New Game 
192
360
169
275
280
244
251
322
164
277
471
402
403
448
444
157
423
276
239
229
228
475
227
334
305
247
394
391
336
285
482
368
478
266
326
481
414
273
493
194
542
483
170
442
401
374
555
508
727
518
391
402
626
279
708
362
435
207
275
408
406
665
232
529
267
448
500
335
266
500
327
419
409
397
328
900
293
764
380
510
266
347
391
660
454
258
710
500
323
472
516
249
271
938
596
419
421
687
293
349
461
205
1013
336
New Game 
8460
3195
5133
New Game 
6698
2705
3248
2913
6512
3537
5057
5445
4601
7335
4584
3730
4782
3036
4139
4365
6805
4251
8303
4098
5092
5374
5631
4867
7802
4913
2637
4480
3038
9201
5023
6201
6342
6648
5748
3661
3022
7681
6623
5066
5502
2509
5248
6200
7021
6414
3772
5649
6237
6427
4307
2446
3419
9005
5844
2672
5500
4774
6373
6303
5659
5118
4548
8498
4549
3927
5394
7296
6938
4301
4537
7423
6289
5453
4367
3339
5539
4011
4659
7634
3832
3885
3030
4723
6052
3109
7772
5385
9310
6778
5441
4702
10446
2942
5775
3496
5842
4927
3389
3802
5257
6793
6455
4625
5008
5469
7055
2923
3171
6417
3020
6385
4178
4054
7388
8737
3426
3780
6165
5096
9070
8978
8656
5530
7174
5799
7314
5622
5196
4221
3198
9978
3621
4021
7000
8340
6775
New Game 
317
158
223
268
442
229
435
358
248
206
302
301
372
400
335
197
221
312
470
475
352
572
327
457
422
664
277
336
349
454
385
267
419
395
433
353
502
404
362
555
558
541
470
923
283
525
426
464
533
560
513
364
510
401
206
182
377
410
433
344
437
457
1076
788
377
316
434
296
325
1124
676
431
767
377
1013
1268
276
460
535
399
473
704
621
312
656
273
544
325
258
242
411
300
427
442
474
409
320
329
401
490
636
408
426
678
396
364
667
521
576
590
696
1163
615
421
423
528
335
589
510
936
470
531
610
527
728
890
1256
629
766
445
850
348
1250
559
399
570
625
440
324
434
822
542
714
412
359
458
271
770
494
246
788
518
398
554
564
839
523
1076
514
697
537
460
517
323
1026
640
275
558
512
487
614
322
401
671
498
558
450
777
363
519
539
500
264
486
702
510
629
495
462
590
804
323
499
724
713
641
484
773
420
372
689
469
360
614
344
479
710
677
542
691
1171
659
258
707
1028
379
790
337
743
911
837
858
451
420
1022
842
494
629
392
332
961
746
753
668
633
562
708
399
435
474
544
652
528
720
637
359
536
493
652
630
954
551
581
452
593
770
474
585
501
553
467
750
576
354
922
668
497
469
413
394
436
416
471
448
764
481
391
832
616
615
1254
394
1082
370
744
533
387
569
641
519
512
446
673
338
635
478
425
442
587
501
453
649
411
811
499
1119
635
355
1042
424
516
599
539
547
435
935
480
591
329
365
593
461
890
408
587
528
723
661
613
667
626
591
913
638
287
715
636
600
418
471
695
641
426
510
622
513
667
695
548
764
689
260
430
732
978
678
685
772
431
717
701
900
630
619
512
699
608
618
636
599
638
657
496
1201
479
476
469
527
426
369
585
675
390
775
473
668
570
1311
1256
498
813
296
361
600
513
351
618
760
526
343
898
574
584
407
880
1479
640
443
683
477
491
829
446
493
744
731
904
1163
884
772
390
392
594
752
741
904
327
582
722
769
770
717
441
707
627
704
649
376
New Game 
202
262
421
363
404
185
455
282
277
160
275
340
268
144
901
229
247
222
275
254
489
277
216
398
470
238
313
327
270
343
387
272
395
325
223
419
390
495
256
529
295
483
282
298
330
371
268
904
309
268
427
465
380
448
301
248
294
829
226
472
795
422
325
290
530
296
379
337
425
411
455
670
735
637
410
406
619
267
265
382
354
246
445
523
214
535
669
646
420
505
723
1025
364
366
646
513
467
449
974
461
897
315
525
614
517
651
415
391
467
452
1006
695
267
743
370
730
397
551
424
568
604
826
379
530
1191
407
747
447
343
405
1155
689
441
809
1304
777
449
598
740
485
1254
460
622
547
596
607
880
483
988
560
552
868
364
551
1090
803
733
407
814
569
812
734
441
849
780
686
1398
495
1197
883
620
622
709
602
745
603
565
607
772
608
610
798
968
804
514
439
570
1039
1080
722
746
675
528
965
892
918
802
737
1331
1293
597
1138
752
1039
743
523
925
566
732
610
947
738
854
648
808
546
818
503
536
953
530
593
762
591
704
1017
993
763
746
1060
766
695
1101
1237
1062
496
759
536
1102
479
789
910
1339
738
1051
826
564
611
1556
857
756
1084
1420
586
652
728
1114
539
1284
802
1275
792
1264
629
688
1077
546
720
948
891
880
1042
846
1138
721
1539
860
999
626
873
703
1051
1055
1242
886
669
898
1057
1048
1299
856
824
1179
519
960
1181
700
952
693
730
941
1227
822
744
526
760
906
819
1270
654
900
1439
905
979
550
926
675
843
707
1844
1200
1218
1101
1162
997
878
1816
679
1175
563
915
736
1282
832
1025
1523
668
1460
1311
690
960
804
855
1051
645
880
762
1354
1075
1165
837
1061
1463
1032
964
600
548
1225
1258
1313
1169
1162
1069
998
1066
1220
690
2252
1434
895
1012
1152
2258
841
767
680
1206
1148
515
790
1084
866
1133
1016
978
1298
1786
1182
1478
1145
1443
653
1202
1106
1346
1152
1225
1049
1173
683
1599
668
1256
1145
1457
